75649310163467338537242488401191577447135093741127329417060926665079335289551
64
38358586011439809059988634818592474916598456628211912900449655074990255423650
5221878929235101303169112032929001762525067470563379377939832323047448167164
31806753991488924183515443684282294765109160145518144722387170769007188510263
450891189979782630911392327028510215566493968273045962806601468850356396190
28873118097270152132578758610481034040086952851349917971933400848261272363270
1654781084690221214163764617265844030254197275672344454581095053548412869532
59628155922340430927640055885341219032168611608494275149493363360555871463681
1210354876008133348413109737277398885827122021143848859398222602844504235693
51159983956383897517232950909617893259595353868328908505904498207382769610192
60182063476943018273124216046439310992282186817131677745448437177386054786418
53956569396796793885432802625662664756829179353216484608345986366444732672219
73683980363564619490833110234152835906256942281469739362137550778046371179547
32564507496683531930269539000462380390850937669361054854670932700299556688697
73893203155469530391670517984005907511470653050651284755261797723305403233123
71377209834428717638206084678544593479894510678501368617893645358612699712228
15759146731717514617101301859576878597091104693997116492801128117882921095892
49999215322363402238103184136268436687896564389940145218661232108012453110646
1958019308263566193887873240301449340459703404415979464714287796582035733763
46812510703915630537009369879278423555028922505725560889856877743750038097796
58786086923708739731978526604872060204109321037099451244422872702977192158635
70547660574506221193210794384685781385141852878615636530547346406269720456839
14332524149269660894334341480311487498217821057977673661327947657046802394012
59312532222324442725215467935466275116518380642562374042741007264629469213646
70435600471547511905213381208697207907716480242450035423496526162019132348192
43546284333943777675415442730879488520814868339123693753181788289108094784829
42369814521012648577558616411542878937830948529037094443954906310503924193670
12962455345353682476283943447372376961357226116687929773456566480280061180667
19985016419708981075111694343345620736243577534105464771091148980873326177780
27460465971269451882046870921520182405511706559766276639683246676002090924076
14364317645694669795209870219765675183188767526181616505345649074019506419053
907849618615016180684675317476703718396118161788015261939273270881322159128
65739294158872378654555487784210319574913687305817295611803315960123568303316
24721339044876311302211851492485773271629928484805029578863914396990034594898
59749067561257210548243304235276911298024684569943123567299384322278882987770
66188020385109070080582092698478946702866893851499387281375942703088495752253
1417877234943401221976090748068568714731692369851105045157374584383237509244
19458854624719823244972998914076462645103229175200802384512627749790550308684
11647145292149453928652418985514958998184757956768980174931722037467335075985
54608657302734496186109492726060199434490074029569014230898116349707258288264
40219650036809542109095137728343713605725307051564141298822002295573244567689
19431137906372846924746749063985585235283325299156784136508065387388574379010
32832781340953077469709582081075031022312945560276202741791138675842001883808
74919244237538783550527983391846102568396749750255047025823885600379156017175
74894502929575732400804166178319624563190463206513285714569546228855062145000
26763303276195633704857587835489321989380195991098148146456061361136167312369
67606720958596840676321469527641682991744650643683158165370451913645404018968
56318426476820686730500070853313590465922499350928171966674963679318365280227
55682085981105892556074493085550959806023458835242195570149262628526122119013
5353638753779412375368011053734113200694463156134405659866134484330823209885
64560205339695830265768504380063208769693684101775705768310340545804577938007
66324520439023937553019419948535443134842949676247021375460854066195194047297
73820632566319314529779712156753900807923150290561967488589170874969952101414
31510316606938179804698966554306640393041108645153570544430356281325247368670
50777808249537428202935928982414012829197096508337476511492190672178442319017
62649247022344777732743427829693946908286236560083652103418947513399372162131
16852022503404791270787593874915841684974265728002477140747681985739216877511
66352777794487514921507361709308284985891633909312810662741580615052158634893
27414200540751441637692637947700896085714165493676300213543294272148333009612
18265895558465307744105031882874677071064579927587555023996910018109616259573
12348340813921176914644750120249298219486285943448256700283077078345673596378
58208080501928923892320673629554774441481459314610055163313368478719976535745
73096692496099724490553687189509796394481142932278929308402385923388685234040
57359811812016757415033631543301626606697199262451890097488719768154977788167
59606338464103085463283503810318339634264470501093700730188101669694046438815
9
19454522407956656137756689168184654493466026394733739505979178800625284951169
36780183295002917995429834963274108496764194080353283919075253318304699450250
35017204028955443355902248152231286097879011004959615739206072075274298418399
25705664092952953615607567585485732893065112835876949814101444552594179299070
41697384991477129592957969928704671848334390551118081525910033011830739990524
49571657199093660428698432458317345811212126140747986009057896125104598679487
35603306238042952555700366102708968806370442080167731691054392306843881642664
10144959951817136832941206575157314587478917285187971389141618702792918313261
31409117786574009168729119038575705692070981314941943334659460882386666736664
